Optimized alpha for special model: 0.11497569953977356
Training RMSE = 1.6752458722661894
Testing RMSE = 1.6270466210276038
C[0] = -0.9121770291822044
C[1]_poly_cos = -5.132521675740227
C[2]_poly_cos = 4.270703401577553
C[3]_poly_cos = -2.524702756647864
C[4]_poly_cos = 4.285422198493425
