C = 3.2848573660300437
coef1 = -2.0924147445899797
coef2 = 0.055490255490231934
coef3 = -0.1464128203905601
coef4 = 0.002230009902819779
coef5 = 0.11741214797305125
coef6 = -0.8923821000398796
coef7 = -0.7880719613069408
coef8 = -0.18090742090163794
coef9 = -0.6186889991893911
intercept = 0.28658721581169905
